function [ f ] = func_resistors( x )
% Particle Swarm Optimization: Performance Tuning and Empirical Analysis

g = [0.485 0.753 0.869 0.982; ...
    0.369 1.254 0.703 1.455; ...
    5.2095 10.0677 22.9274 20.2153; ...
    23.3037 101.779 111.461 191.267; ...
    28.5132 111.8467 134.3884 211.4823];

gamma = x(1) * x(3) - x(2) * x(4);


end

